0 0.6474609375 0.229248046875 0.04296875 0.04296875
0 0.581787109375 0.279052734375 0.04296875 0.04296875
0 0.8056640625 0.84375 0.04296875 0.04296875
0 0.617431640625 0.822021484375 0.04296875 0.04296875
0 0.25927734375 0.266357421875 0.04296875 0.04296875
0 0.2216796875 0.209716796875 0.04296875 0.04296875
0 0.9208984375 0.195556640625 0.04296875 0.04296875
0 0.869873046875 0.8310546875 0.04296875 0.04296875
0 0.406982421875 0.21142578125 0.04296875 0.04296875
0 0.61328125 0.425537109375 0.04296875 0.04296875
0 0.82421875 0.150390625 0.04296875 0.04296875
0 0.523681640625 0.923583984375 0.04296875 0.04296875
0 0.548095703125 0.114990234375 0.04296875 0.04296875
0 0.089599609375 0.89306640625 0.04296875 0.04296875
0 0.864990234375 0.898681640625 0.04296875 0.04296875
0 0.530029296875 0.77978515625 0.04296875 0.04296875
0 0.3251953125 0.62109375 0.04296875 0.04296875
0 0.898681640625 0.435546875 0.04296875 0.04296875
0 0.1611328125 0.849609375 0.04296875 0.04296875
0 0.21435546875 0.862060546875 0.04296875 0.04296875
0 0.513671875 0.352294921875 0.04296875 0.04296875
0 0.258056640625 0.604736328125 0.04296875 0.04296875
0 0.52099609375 0.576171875 0.04296875 0.04296875
0 0.806884765625 0.392578125 0.04296875 0.04296875
0 0.7548828125 0.779541015625 0.04296875 0.04296875
0 0.91796875 0.274658203125 0.04296875 0.04296875
0 0.208251953125 0.937255859375 0.04296875 0.04296875
0 0.08203125 0.54541015625 0.04296875 0.04296875
0 0.567626953125 0.706298828125 0.04296875 0.04296875
0 0.645751953125 0.623291015625 0.04296875 0.04296875
0 0.3017578125 0.233642578125 0.04296875 0.04296875
0 0.784423828125 0.093017578125 0.04296875 0.04296875
0 0.5830078125 0.47119140625 0.04296875 0.04296875
0 0.0693359375 0.48779296875 0.04296875 0.04296875
0 0.39794921875 0.919677734375 0.04296875 0.04296875
0 0.83544921875 0.495361328125 0.04296875 0.04296875
0 0.949462890625 0.711669921875 0.04296875 0.04296875
0 0.9453125 0.40380859375 0.04296875 0.04296875
0 0.2529296875 0.067138671875 0.04296875 0.04296875
0 0.460693359375 0.48046875 0.04296875 0.04296875
0 0.293701171875 0.1494140625 0.04296875 0.04296875
0 0.318359375 0.080810546875 0.04296875 0.04296875
0 0.5283203125 0.23193359375 0.04296875 0.04296875
0 0.177978515625 0.431396484375 0.04296875 0.04296875
0 0.7470703125 0.532470703125 0.04296875 0.04296875
0 0.46728515625 0.694580078125 0.04296875 0.04296875
0 0.936767578125 0.91650390625 0.04296875 0.04296875
0 0.7939453125 0.32470703125 0.04296875 0.04296875
0 0.47265625 0.25 0.04296875 0.04296875
0 0.706298828125 0.174560546875 0.04296875 0.04296875
0 0.420166015625 0.63232421875 0.04296875 0.04296875
0 0.37158203125 0.64501953125 0.04296875 0.04296875
0 0.482421875 0.416259765625 0.04296875 0.04296875
0 0.184326171875 0.085205078125 0.04296875 0.04296875
0 0.41845703125 0.474365234375 0.04296875 0.04296875
0 0.109619140625 0.9482421875 0.04296875 0.04296875
0 0.508544921875 0.867431640625 0.04296875 0.04296875
0 0.920166015625 0.33447265625 0.04296875 0.04296875
0 0.244873046875 0.91455078125 0.04296875 0.04296875
0 0.281494140625 0.51171875 0.04296875 0.04296875
0 0.162109375 0.175537109375 0.04296875 0.04296875
0 0.522216796875 0.46435546875 0.04296875 0.04296875
0 0.9111328125 0.06689453125 0.04296875 0.04296875
0 0.266357421875 0.332763671875 0.04296875 0.04296875
0 0.18359375 0.6337890625 0.04296875 0.04296875
0 0.518310546875 0.6474609375 0.04296875 0.04296875
0 0.055908203125 0.218994140625 0.04296875 0.04296875
0 0.692626953125 0.8564453125 0.04296875 0.04296875
0 0.73583984375 0.898193359375 0.04296875 0.04296875
0 0.3857421875 0.1669921875 0.04296875 0.04296875