0 0.841796875 0.18408203125 0.04296875 0.04296875
0 0.405029296875 0.6650390625 0.04296875 0.04296875
0 0.669921875 0.06201171875 0.04296875 0.04296875
0 0.48876953125 0.666015625 0.04296875 0.04296875
0 0.18896484375 0.3857421875 0.04296875 0.04296875
0 0.4072265625 0.40234375 0.04296875 0.04296875
0 0.91552734375 0.305908203125 0.04296875 0.04296875
0 0.889404296875 0.205810546875 0.04296875 0.04296875
0 0.793212890625 0.122314453125 0.04296875 0.04296875
0 0.413330078125 0.09423828125 0.04296875 0.04296875
0 0.9521484375 0.109375 0.04296875 0.04296875
0 0.82666015625 0.863037109375 0.04296875 0.04296875
0 0.33837890625 0.68603515625 0.04296875 0.04296875
0 0.043701171875 0.919921875 0.04296875 0.04296875
0 0.22998046875 0.834716796875 0.04296875 0.04296875
0 0.938720703125 0.2685546875 0.04296875 0.04296875
0 0.925537109375 0.67626953125 0.04296875 0.04296875
0 0.836181640625 0.517578125 0.04296875 0.04296875
0 0.759765625 0.189697265625 0.04296875 0.04296875
0 0.168212890625 0.768310546875 0.04296875 0.04296875
0 0.613037109375 0.62451171875 0.04296875 0.04296875
0 0.584716796875 0.47119140625 0.04296875 0.04296875
0 0.95361328125 0.527099609375 0.04296875 0.04296875
0 0.688232421875 0.23681640625 0.04296875 0.04296875
0 0.039794921875 0.52294921875 0.04296875 0.04296875
0 0.863525390625 0.642333984375 0.04296875 0.04296875
0 0.896484375 0.791748046875 0.04296875 0.04296875
0 0.501953125 0.775390625 0.04296875 0.04296875
0 0.86474609375 0.90087890625 0.04296875 0.04296875
0 0.74462890625 0.548095703125 0.04296875 0.04296875
0 0.280517578125 0.2822265625 0.04296875 0.04296875
0 0.244384765625 0.393310546875 0.04296875 0.04296875
0 0.247802734375 0.471923828125 0.04296875 0.04296875
0 0.7548828125 0.087646484375 0.04296875 0.04296875
0 0.7177734375 0.93115234375 0.04296875 0.04296875
0 0.116943359375 0.930419921875 0.04296875 0.04296875
0 0.307861328125 0.94482421875 0.04296875 0.04296875
0 0.5556640625 0.6962890625 0.04296875 0.04296875
0 0.6630859375 0.944091796875 0.04296875 0.04296875
0 0.384765625 0.2333984375 0.04296875 0.04296875
0 0.239501953125 0.66943359375 0.04296875 0.04296875
0 0.8505859375 0.801025390625 0.04296875 0.04296875
0 0.5693359375 0.888427734375 0.04296875 0.04296875
0 0.3466796875 0.33154296875 0.04296875 0.04296875
0 0.241943359375 0.56298828125 0.04296875 0.04296875
0 0.33642578125 0.46484375 0.04296875 0.04296875
0 0.7607421875 0.259765625 0.04296875 0.04296875
0 0.87646484375 0.732666015625 0.04296875 0.04296875
0 0.554443359375 0.176513671875 0.04296875 0.04296875
0 0.577880859375 0.253662109375 0.04296875 0.04296875
0 0.252197265625 0.94775390625 0.04296875 0.04296875
0 0.16259765625 0.5546875 0.04296875 0.04296875
0 0.28125 0.617431640625 0.04296875 0.04296875
0 0.04931640625 0.084716796875 0.04296875 0.04296875
0 0.674560546875 0.665283203125 0.04296875 0.04296875
0 0.28173828125 0.537109375 0.04296875 0.04296875
0 0.501953125 0.26513671875 0.04296875 0.04296875
0 0.862548828125 0.385009765625 0.04296875 0.04296875
0 0.771484375 0.908935546875 0.04296875 0.04296875
0 0.616943359375 0.407470703125 0.04296875 0.04296875
0 0.4189453125 0.712646484375 0.04296875 0.04296875
0 0.322998046875 0.60302734375 0.04296875 0.04296875
0 0.421142578125 0.57275390625 0.04296875 0.04296875
0 0.74560546875 0.335205078125 0.04296875 0.04296875
0 0.369873046875 0.27783203125 0.04296875 0.04296875
0 0.486083984375 0.951171875 0.04296875 0.04296875
0 0.07177734375 0.24658203125 0.04296875 0.04296875
0 0.135009765625 0.14404296875 0.04296875 0.04296875
0 0.135498046875 0.07421875 0.04296875 0.04296875
0 0.70068359375 0.42236328125 0.04296875 0.04296875
0 0.5810546875 0.771240234375 0.04296875 0.04296875
0 0.558349609375 0.121337890625 0.04296875 0.04296875
0 0.7041015625 0.62109375 0.04296875 0.04296875
0 0.0615234375 0.310791015625 0.04296875 0.04296875
0 0.499267578125 0.14599609375 0.04296875 0.04296875
0 0.45947265625 0.59521484375 0.04296875 0.04296875
0 0.473876953125 0.339599609375 0.04296875 0.04296875