0 0.47216796875 0.837646484375 0.04296875 0.04296875
0 0.390625 0.9296875 0.04296875 0.04296875
0 0.9453125 0.87353515625 0.04296875 0.04296875
0 0.66943359375 0.7880859375 0.04296875 0.04296875
0 0.853515625 0.684814453125 0.04296875 0.04296875
0 0.1552734375 0.87548828125 0.04296875 0.04296875
0 0.384521484375 0.3515625 0.04296875 0.04296875
0 0.3251953125 0.4931640625 0.04296875 0.04296875
0 0.6064453125 0.79443359375 0.04296875 0.04296875
0 0.596435546875 0.744873046875 0.04296875 0.04296875
0 0.703369140625 0.873291015625 0.04296875 0.04296875
0 0.506103515625 0.265625 0.04296875 0.04296875
0 0.21533203125 0.0654296875 0.04296875 0.04296875
0 0.79443359375 0.7490234375 0.04296875 0.04296875
0 0.330078125 0.38232421875 0.04296875 0.04296875
0 0.17431640625 0.8056640625 0.04296875 0.04296875
0 0.50390625 0.603515625 0.04296875 0.04296875
0 0.84228515625 0.609130859375 0.04296875 0.04296875
0 0.650146484375 0.89013671875 0.04296875 0.04296875
0 0.082763671875 0.548095703125 0.04296875 0.04296875
0 0.33837890625 0.55615234375 0.04296875 0.04296875
0 0.391845703125 0.7412109375 0.04296875 0.04296875
0 0.28125 0.349609375 0.04296875 0.04296875
0 0.911376953125 0.34228515625 0.04296875 0.04296875
0 0.04443359375 0.671630859375 0.04296875 0.04296875
0 0.224365234375 0.457275390625 0.04296875 0.04296875
0 0.720458984375 0.41650390625 0.04296875 0.04296875
0 0.51513671875 0.105224609375 0.04296875 0.04296875
0 0.078369140625 0.45263671875 0.04296875 0.04296875
0 0.83837890625 0.09326171875 0.04296875 0.04296875
0 0.610107421875 0.086181640625 0.04296875 0.04296875
0 0.12548828125 0.09375 0.04296875 0.04296875
0 0.039306640625 0.470458984375 0.04296875 0.04296875
0 0.0625 0.305419921875 0.04296875 0.04296875
0 0.592529296875 0.9326171875 0.04296875 0.04296875
0 0.863037109375 0.90234375 0.04296875 0.04296875
0 0.315185546875 0.652587890625 0.04296875 0.04296875
0 0.638427734375 0.20166015625 0.04296875 0.04296875
0 0.67431640625 0.346923828125 0.04296875 0.04296875
0 0.187255859375 0.681884765625 0.04296875 0.04296875
0 0.4931640625 0.343994140625 0.04296875 0.04296875
0 0.845703125 0.528564453125 0.04296875 0.04296875
0 0.717529296875 0.070556640625 0.04296875 0.04296875
0 0.597900390625 0.349365234375 0.04296875 0.04296875
0 0.678466796875 0.69970703125 0.04296875 0.04296875
0 0.385986328125 0.420166015625 0.04296875 0.04296875
0 0.80224609375 0.897705078125 0.04296875 0.04296875
0 0.28125 0.62451171875 0.04296875 0.04296875
0 0.375 0.24853515625 0.04296875 0.04296875
0 0.230712890625 0.129150390625 0.04296875 0.04296875
0 0.26953125 0.922607421875 0.04296875 0.04296875
0 0.63427734375 0.638427734375 0.04296875 0.04296875
0 0.753173828125 0.14697265625 0.04296875 0.04296875
0 0.5703125 0.403564453125 0.04296875 0.04296875
0 0.1884765625 0.180908203125 0.04296875 0.04296875
0 0.210205078125 0.301513671875 0.04296875 0.04296875
0 0.158447265625 0.3447265625 0.04296875 0.04296875
0 0.69384765625 0.591796875 0.04296875 0.04296875
0 0.418212890625 0.66748046875 0.04296875 0.04296875
0 0.527587890625 0.864501953125 0.04296875 0.04296875
0 0.215576171875 0.797607421875 0.04296875 0.04296875
0 0.478515625 0.696044921875 0.04296875 0.04296875
0 0.427978515625 0.2666015625 0.04296875 0.04296875
0 0.93115234375 0.41748046875 0.04296875 0.04296875
0 0.745849609375 0.5810546875 0.04296875 0.04296875
0 0.758544921875 0.512451171875 0.04296875 0.04296875
0 0.63671875 0.524658203125 0.04296875 0.04296875
0 0.532958984375 0.04345703125 0.04296875 0.04296875
0 0.33056640625 0.746826171875 0.04296875 0.04296875
0 0.098876953125 0.90234375 0.04296875 0.04296875
0 0.702392578125 0.65283203125 0.04296875 0.04296875
0 0.038330078125 0.94970703125 0.04296875 0.04296875
0 0.4189453125 0.480712890625 0.04296875 0.04296875
0 0.58251953125 0.280517578125 0.04296875 0.04296875
0 0.113525390625 0.39404296875 0.04296875 0.04296875
0 0.712646484375 0.1806640625 0.04296875 0.04296875
0 0.64892578125 0.060302734375 0.04296875 0.04296875
0 0.857666015625 0.95263671875 0.04296875 0.04296875
0 0.39111328125 0.07568359375 0.04296875 0.04296875
0 0.337890625 0.951904296875 0.04296875 0.04296875
0 0.627685546875 0.39794921875 0.04296875 0.04296875
0 0.1083984375 0.1572265625 0.04296875 0.04296875
0 0.669921875 0.294921875 0.04296875 0.04296875
0 0.67919921875 0.9521484375 0.04296875 0.04296875
0 0.088134765625 0.80322265625 0.04296875 0.04296875
0 0.308349609375 0.104736328125 0.04296875 0.04296875
0 0.902099609375 0.6748046875 0.04296875 0.04296875
0 0.225830078125 0.5478515625 0.04296875 0.04296875
0 0.26904296875 0.1845703125 0.04296875 0.04296875
0 0.540771484375 0.732177734375 0.04296875 0.04296875
0 0.0556640625 0.236572265625 0.04296875 0.04296875
0 0.484619140625 0.196044921875 0.04296875 0.04296875
0 0.1611328125 0.422119140625 0.04296875 0.04296875
0 0.637451171875 0.454833984375 0.04296875 0.04296875
0 0.759033203125 0.623291015625 0.04296875 0.04296875
0 0.318115234375 0.149658203125 0.04296875 0.04296875
0 0.227294921875 0.201904296875 0.04296875 0.04296875
0 0.3837890625 0.842529296875 0.04296875 0.04296875
0 0.781982421875 0.263427734375 0.04296875 0.04296875
0 0.711181640625 0.527099609375 0.04296875 0.04296875
0 0.9208984375 0.629638671875 0.04296875 0.04296875
0 0.246337890625 0.830078125 0.04296875 0.04296875
0 0.59326171875 0.5888671875 0.04296875 0.04296875
0 0.06103515625 0.72265625 0.04296875 0.04296875
0 0.891357421875 0.840576171875 0.04296875 0.04296875
0 0.56201171875 0.785888671875 0.04296875 0.04296875
0 0.181396484375 0.53173828125 0.04296875 0.04296875
0 0.272705078125 0.061279296875 0.04296875 0.04296875
0 0.166748046875 0.740478515625 0.04296875 0.04296875
0 0.529541015625 0.91259765625 0.04296875 0.04296875
0 0.752685546875 0.326416015625 0.04296875 0.04296875
0 0.720458984375 0.809814453125 0.04296875 0.04296875
0 0.55908203125 0.166015625 0.04296875 0.04296875
0 0.604248046875 0.5517578125 0.04296875 0.04296875
0 0.366455078125 0.307373046875 0.04296875 0.04296875
0 0.213134765625 0.947998046875 0.04296875 0.04296875