0 0.09912109375 0.832763671875 0.04296875 0.04296875
0 0.409912109375 0.662109375 0.04296875 0.04296875
0 0.83056640625 0.8408203125 0.04296875 0.04296875
0 0.904296875 0.466064453125 0.04296875 0.04296875
0 0.326416015625 0.62744140625 0.04296875 0.04296875
0 0.230712890625 0.167724609375 0.04296875 0.04296875
0 0.445068359375 0.43115234375 0.04296875 0.04296875
0 0.19677734375 0.49658203125 0.04296875 0.04296875
0 0.534423828125 0.94580078125 0.04296875 0.04296875
0 0.05419921875 0.48583984375 0.04296875 0.04296875
0 0.5537109375 0.51123046875 0.04296875 0.04296875
0 0.449462890625 0.06103515625 0.04296875 0.04296875
0 0.279052734375 0.856201171875 0.04296875 0.04296875
0 0.210693359375 0.865478515625 0.04296875 0.04296875
0 0.578125 0.090087890625 0.04296875 0.04296875
0 0.136474609375 0.47705078125 0.04296875 0.04296875
0 0.276611328125 0.124267578125 0.04296875 0.04296875
0 0.660888671875 0.810302734375 0.04296875 0.04296875
0 0.345947265625 0.9423828125 0.04296875 0.04296875
0 0.901611328125 0.798828125 0.04296875 0.04296875
0 0.0693359375 0.760986328125 0.04296875 0.04296875
0 0.388427734375 0.076171875 0.04296875 0.04296875
0 0.873046875 0.366943359375 0.04296875 0.04296875
0 0.301025390625 0.068603515625 0.04296875 0.04296875
0 0.6123046875 0.916748046875 0.04296875 0.04296875
0 0.24462890625 0.410400390625 0.04296875 0.04296875
0 0.09033203125 0.434326171875 0.04296875 0.04296875
0 0.27197265625 0.26220703125 0.04296875 0.04296875
0 0.51611328125 0.054931640625 0.04296875 0.04296875
0 0.942138671875 0.912353515625 0.04296875 0.04296875
0 0.75927734375 0.445068359375 0.04296875 0.04296875
0 0.08349609375 0.28564453125 0.04296875 0.04296875
0 0.076416015625 0.931396484375 0.04296875 0.04296875
0 0.7265625 0.29248046875 0.04296875 0.04296875
0 0.91943359375 0.401611328125 0.04296875 0.04296875
0 0.572021484375 0.224609375 0.04296875 0.04296875
0 0.926513671875 0.259521484375 0.04296875 0.04296875
0 0.246826171875 0.319091796875 0.04296875 0.04296875
0 0.82470703125 0.239501953125 0.04296875 0.04296875
0 0.52734375 0.838623046875 0.04296875 0.04296875
0 0.830322265625 0.435546875 0.04296875 0.04296875
0 0.6328125 0.096435546875 0.04296875 0.04296875
0 0.483642578125 0.3369140625 0.04296875 0.04296875
0 0.830078125 0.049072265625 0.04296875 0.04296875
0 0.298095703125 0.5341796875 0.04296875 0.04296875
0 0.89013671875 0.9453125 0.04296875 0.04296875
0 0.68603515625 0.71240234375 0.04296875 0.04296875
0 0.193115234375 0.92822265625 0.04296875 0.04296875
0 0.50537109375 0.289306640625 0.04296875 0.04296875
0 0.430419921875 0.885009765625 0.04296875 0.04296875
0 0.137451171875 0.1728515625 0.04296875 0.04296875
0 0.904296875 0.0712890625 0.04296875 0.04296875
0 0.783203125 0.384033203125 0.04296875 0.04296875
0 0.932861328125 0.843505859375 0.04296875 0.04296875
0 0.864013671875 0.662841796875 0.04296875 0.04296875
0 0.361572265625 0.403076171875 0.04296875 0.04296875
0 0.1650390625 0.7744140625 0.04296875 0.04296875
0 0.143310546875 0.3076171875 0.04296875 0.04296875
0 0.709228515625 0.548583984375 0.04296875 0.04296875
0 0.480224609375 0.185546875 0.04296875 0.04296875
0 0.545166015625 0.267822265625 0.04296875 0.04296875
0 0.676513671875 0.364990234375 0.04296875 0.04296875
0 0.389404296875 0.281005859375 0.04296875 0.04296875
0 0.316650390625 0.20751953125 0.04296875 0.04296875
0 0.60986328125 0.55029296875 0.04296875 0.04296875
0 0.408203125 0.339111328125 0.04296875 0.04296875
0 0.365966796875 0.537841796875 0.04296875 0.04296875
0 0.320068359375 0.760009765625 0.04296875 0.04296875
0 0.281982421875 0.480224609375 0.04296875 0.04296875
0 0.632568359375 0.761474609375 0.04296875 0.04296875
0 0.3193359375 0.33642578125 0.04296875 0.04296875
0 0.20361328125 0.358642578125 0.04296875 0.04296875
0 0.447021484375 0.486083984375 0.04296875 0.04296875
0 0.938720703125 0.203857421875 0.04296875 0.04296875
0 0.281982421875 0.708984375 0.04296875 0.04296875
0 0.207275390625 0.622314453125 0.04296875 0.04296875
0 0.350341796875 0.685302734375 0.04296875 0.04296875
0 0.787841796875 0.541259765625 0.04296875 0.04296875
0 0.252197265625 0.89013671875 0.04296875 0.04296875
0 0.24560546875 0.4951171875 0.04296875 0.04296875
0 0.35791015625 0.19873046875 0.04296875 0.04296875
0 0.65869140625 0.3046875 0.04296875 0.04296875
0 0.906982421875 0.70166015625 0.04296875 0.04296875
0 0.54541015625 0.72412109375 0.04296875 0.04296875
0 0.49951171875 0.50439453125 0.04296875 0.04296875
0 0.45849609375 0.755859375 0.04296875 0.04296875
0 0.4736328125 0.830322265625 0.04296875 0.04296875
0 0.74365234375 0.234375 0.04296875 0.04296875
0 0.7861328125 0.662353515625 0.04296875 0.04296875
0 0.59033203125 0.270263671875 0.04296875 0.04296875
0 0.3828125 0.45068359375 0.04296875 0.04296875