0 0.057373046875 0.56689453125 0.04296875 0.04296875
0 0.67431640625 0.63134765625 0.04296875 0.04296875
0 0.4716796875 0.71728515625 0.04296875 0.04296875
0 0.16650390625 0.469482421875 0.04296875 0.04296875
0 0.82666015625 0.623291015625 0.04296875 0.04296875
0 0.112548828125 0.331787109375 0.04296875 0.04296875
0 0.92333984375 0.547119140625 0.04296875 0.04296875
0 0.410888671875 0.749755859375 0.04296875 0.04296875
0 0.71435546875 0.061279296875 0.04296875 0.04296875
0 0.04296875 0.3115234375 0.04296875 0.04296875
0 0.056640625 0.7275390625 0.04296875 0.04296875
0 0.058349609375 0.914306640625 0.04296875 0.04296875
0 0.371826171875 0.652587890625 0.04296875 0.04296875
0 0.593017578125 0.68896484375 0.04296875 0.04296875
0 0.716796875 0.626220703125 0.04296875 0.04296875
0 0.16064453125 0.60205078125 0.04296875 0.04296875
0 0.84912109375 0.146484375 0.04296875 0.04296875
0 0.21484375 0.155029296875 0.04296875 0.04296875
0 0.108154296875 0.75048828125 0.04296875 0.04296875
0 0.3369140625 0.47900390625 0.04296875 0.04296875
0 0.23388671875 0.63232421875 0.04296875 0.04296875
0 0.147216796875 0.9130859375 0.04296875 0.04296875
0 0.533447265625 0.479736328125 0.04296875 0.04296875
0 0.846923828125 0.080078125 0.04296875 0.04296875
0 0.863525390625 0.589599609375 0.04296875 0.04296875
0 0.636474609375 0.080322265625 0.04296875 0.04296875
0 0.28369140625 0.226806640625 0.04296875 0.04296875
0 0.672119140625 0.939697265625 0.04296875 0.04296875
0 0.777587890625 0.445556640625 0.04296875 0.04296875
0 0.682373046875 0.144287109375 0.04296875 0.04296875
0 0.660888671875 0.250244140625 0.04296875 0.04296875
0 0.749755859375 0.704833984375 0.04296875 0.04296875
0 0.4111328125 0.385009765625 0.04296875 0.04296875
0 0.2900390625 0.27880859375 0.04296875 0.04296875
0 0.06201171875 0.662353515625 0.04296875 0.04296875
0 0.218994140625 0.083251953125 0.04296875 0.04296875
0 0.330810546875 0.3212890625 0.04296875 0.04296875
0 0.33544921875 0.16259765625 0.04296875 0.04296875
0 0.803955078125 0.11767578125 0.04296875 0.04296875
0 0.902587890625 0.4267578125 0.04296875 0.04296875
0 0.2177734375 0.678955078125 0.04296875 0.04296875
0 0.123779296875 0.668212890625 0.04296875 0.04296875
0 0.639404296875 0.3212890625 0.04296875 0.04296875
0 0.42041015625 0.52978515625 0.04296875 0.04296875
0 0.19189453125 0.419921875 0.04296875 0.04296875