0 0.302978515625 0.3017578125 0.04296875 0.04296875
0 0.477783203125 0.767822265625 0.04296875 0.04296875
0 0.396484375 0.1572265625 0.04296875 0.04296875
0 0.609375 0.251708984375 0.04296875 0.04296875
0 0.0615234375 0.481201171875 0.04296875 0.04296875
0 0.41650390625 0.554931640625 0.04296875 0.04296875
0 0.9521484375 0.195068359375 0.04296875 0.04296875
0 0.1904296875 0.19482421875 0.04296875 0.04296875
0 0.422119140625 0.373291015625 0.04296875 0.04296875
0 0.665771484375 0.794921875 0.04296875 0.04296875
0 0.45361328125 0.241455078125 0.04296875 0.04296875
0 0.3203125 0.774169921875 0.04296875 0.04296875
0 0.84521484375 0.71044921875 0.04296875 0.04296875
0 0.5986328125 0.375 0.04296875 0.04296875
0 0.622802734375 0.759033203125 0.04296875 0.04296875
0 0.54052734375 0.2021484375 0.04296875 0.04296875
0 0.781982421875 0.515869140625 0.04296875 0.04296875
0 0.234130859375 0.115966796875 0.04296875 0.04296875
0 0.56787109375 0.4521484375 0.04296875 0.04296875
0 0.2841796875 0.91259765625 0.04296875 0.04296875
0 0.2412109375 0.48291015625 0.04296875 0.04296875
0 0.821044921875 0.255126953125 0.04296875 0.04296875
0 0.731689453125 0.091064453125 0.04296875 0.04296875
0 0.647705078125 0.615234375 0.04296875 0.04296875
0 0.564208984375 0.619384765625 0.04296875 0.04296875
0 0.911865234375 0.251220703125 0.04296875 0.04296875
0 0.395751953125 0.094970703125 0.04296875 0.04296875
0 0.088623046875 0.5361328125 0.04296875 0.04296875
0 0.26318359375 0.67236328125 0.04296875 0.04296875
0 0.62939453125 0.695556640625 0.04296875 0.04296875
0 0.11279296875 0.077880859375 0.04296875 0.04296875
0 0.83935546875 0.658447265625 0.04296875 0.04296875
0 0.674560546875 0.57763671875 0.04296875 0.04296875
0 0.2265625 0.6396484375 0.04296875 0.04296875
0 0.8916015625 0.632080078125 0.04296875 0.04296875
0 0.476806640625 0.52783203125 0.04296875 0.04296875
0 0.833740234375 0.425048828125 0.04296875 0.04296875
0 0.613525390625 0.525634765625 0.04296875 0.04296875
0 0.369140625 0.71533203125 0.04296875 0.04296875
0 0.920654296875 0.797607421875 0.04296875 0.04296875
0 0.42236328125 0.8564453125 0.04296875 0.04296875
0 0.121337890625 0.203369140625 0.04296875 0.04296875
0 0.086181640625 0.251708984375 0.04296875 0.04296875
0 0.551513671875 0.72412109375 0.04296875 0.04296875
0 0.593017578125 0.14404296875 0.04296875 0.04296875
0 0.861328125 0.269287109375 0.04296875 0.04296875
0 0.459716796875 0.670654296875 0.04296875 0.04296875
0 0.5478515625 0.773193359375 0.04296875 0.04296875
0 0.821044921875 0.775390625 0.04296875 0.04296875
0 0.2236328125 0.3076171875 0.04296875 0.04296875
0 0.3603515625 0.57958984375 0.04296875 0.04296875
0 0.072998046875 0.761962890625 0.04296875 0.04296875
0 0.351806640625 0.14404296875 0.04296875 0.04296875
0 0.137939453125 0.75048828125 0.04296875 0.04296875
0 0.061279296875 0.203125 0.04296875 0.04296875
0 0.17138671875 0.923583984375 0.04296875 0.04296875
0 0.1015625 0.438720703125 0.04296875 0.04296875
0 0.225830078125 0.7490234375 0.04296875 0.04296875
0 0.7880859375 0.710205078125 0.04296875 0.04296875
0 0.14453125 0.156494140625 0.04296875 0.04296875
0 0.75146484375 0.9326171875 0.04296875 0.04296875
0 0.430419921875 0.632568359375 0.04296875 0.04296875
0 0.0810546875 0.382568359375 0.04296875 0.04296875
0 0.26416015625 0.19970703125 0.04296875 0.04296875
0 0.25341796875 0.8359375 0.04296875 0.04296875
0 0.40283203125 0.7744140625 0.04296875 0.04296875
0 0.906005859375 0.455810546875 0.04296875 0.04296875
0 0.9384765625 0.380126953125 0.04296875 0.04296875
0 0.289794921875 0.107666015625 0.04296875 0.04296875
0 0.53515625 0.143798828125 0.04296875 0.04296875
0 0.689697265625 0.478271484375 0.04296875 0.04296875
0 0.784423828125 0.35595703125 0.04296875 0.04296875
0 0.3251953125 0.857421875 0.04296875 0.04296875
0 0.15087890625 0.338623046875 0.04296875 0.04296875
0 0.7568359375 0.203369140625 0.04296875 0.04296875
0 0.339599609375 0.4697265625 0.04296875 0.04296875
0 0.1865234375 0.107421875 0.04296875 0.04296875
0 0.179931640625 0.28564453125 0.04296875 0.04296875