0 0.519287109375 0.650634765625 0.04296875 0.04296875
0 0.34912109375 0.3125 0.04296875 0.04296875
0 0.4423828125 0.78271484375 0.04296875 0.04296875
0 0.119384765625 0.502197265625 0.04296875 0.04296875
0 0.3271484375 0.90576171875 0.04296875 0.04296875
0 0.30517578125 0.468994140625 0.04296875 0.04296875
0 0.933349609375 0.352294921875 0.04296875 0.04296875
0 0.851318359375 0.07421875 0.04296875 0.04296875
0 0.76123046875 0.1337890625 0.04296875 0.04296875
0 0.29345703125 0.3857421875 0.04296875 0.04296875
0 0.45166015625 0.263671875 0.04296875 0.04296875
0 0.94970703125 0.587890625 0.04296875 0.04296875
0 0.73779296875 0.074951171875 0.04296875 0.04296875
0 0.718017578125 0.25048828125 0.04296875 0.04296875
0 0.088134765625 0.866455078125 0.04296875 0.04296875
0 0.64599609375 0.260498046875 0.04296875 0.04296875
0 0.56005859375 0.48583984375 0.04296875 0.04296875
0 0.716552734375 0.821044921875 0.04296875 0.04296875
0 0.185546875 0.48095703125 0.04296875 0.04296875
0 0.572265625 0.8173828125 0.04296875 0.04296875
0 0.841796875 0.852294921875 0.04296875 0.04296875
0 0.2958984375 0.67431640625 0.04296875 0.04296875
0 0.486572265625 0.45654296875 0.04296875 0.04296875
0 0.591552734375 0.621826171875 0.04296875 0.04296875
0 0.069091796875 0.7158203125 0.04296875 0.04296875
0 0.0830078125 0.156494140625 0.04296875 0.04296875
0 0.472900390625 0.08447265625 0.04296875 0.04296875
0 0.26220703125 0.33154296875 0.04296875 0.04296875
0 0.19189453125 0.1376953125 0.04296875 0.04296875
0 0.564453125 0.56982421875 0.04296875 0.04296875
0 0.35107421875 0.717041015625 0.04296875 0.04296875
0 0.557861328125 0.750244140625 0.04296875 0.04296875
0 0.82470703125 0.5859375 0.04296875 0.04296875
0 0.856689453125 0.173095703125 0.04296875 0.04296875
0 0.6318359375 0.451904296875 0.04296875 0.04296875
0 0.3447265625 0.80322265625 0.04296875 0.04296875
0 0.17236328125 0.8798828125 0.04296875 0.04296875
0 0.52880859375 0.204345703125 0.04296875 0.04296875
0 0.683349609375 0.925537109375 0.04296875 0.04296875
0 0.30224609375 0.09521484375 0.04296875 0.04296875
0 0.517333984375 0.88623046875 0.04296875 0.04296875
0 0.934326171875 0.159423828125 0.04296875 0.04296875
0 0.237548828125 0.48193359375 0.04296875 0.04296875
0 0.841552734375 0.218505859375 0.04296875 0.04296875
0 0.825439453125 0.8994140625 0.04296875 0.04296875
0 0.767822265625 0.7265625 0.04296875 0.04296875
0 0.418212890625 0.315673828125 0.04296875 0.04296875
0 0.16845703125 0.352783203125 0.04296875 0.04296875
0 0.415771484375 0.21728515625 0.04296875 0.04296875
0 0.2431640625 0.596435546875 0.04296875 0.04296875
0 0.388916015625 0.26611328125 0.04296875 0.04296875
0 0.51904296875 0.7392578125 0.04296875 0.04296875
0 0.408447265625 0.365966796875 0.04296875 0.04296875
0 0.879150390625 0.7197265625 0.04296875 0.04296875
0 0.80078125 0.457275390625 0.04296875 0.04296875
0 0.73388671875 0.94287109375 0.04296875 0.04296875
0 0.16650390625 0.6083984375 0.04296875 0.04296875
0 0.077392578125 0.4033203125 0.04296875 0.04296875
0 0.8720703125 0.7666015625 0.04296875 0.04296875
0 0.2578125 0.861328125 0.04296875 0.04296875
0 0.676513671875 0.5888671875 0.04296875 0.04296875
0 0.568603515625 0.31494140625 0.04296875 0.04296875
0 0.46142578125 0.36474609375 0.04296875 0.04296875
0 0.947021484375 0.763671875 0.04296875 0.04296875
0 0.456787109375 0.508056640625 0.04296875 0.04296875
0 0.52294921875 0.140380859375 0.04296875 0.04296875
0 0.546630859375 0.433837890625 0.04296875 0.04296875
0 0.458740234375 0.705810546875 0.04296875 0.04296875
0 0.6240234375 0.56640625 0.04296875 0.04296875
0 0.748779296875 0.44482421875 0.04296875 0.04296875
0 0.346923828125 0.22509765625 0.04296875 0.04296875
0 0.115478515625 0.369873046875 0.04296875 0.04296875
0 0.25 0.26904296875 0.04296875 0.04296875
0 0.295166015625 0.562255859375 0.04296875 0.04296875
0 0.621337890625 0.367919921875 0.04296875 0.04296875
0 0.06201171875 0.287841796875 0.04296875 0.04296875
0 0.915283203125 0.237060546875 0.04296875 0.04296875
0 0.87744140625 0.44189453125 0.04296875 0.04296875
0 0.773193359375 0.61328125 0.04296875 0.04296875
0 0.664306640625 0.6904296875 0.04296875 0.04296875
0 0.39794921875 0.822509765625 0.04296875 0.04296875
0 0.890380859375 0.890869140625 0.04296875 0.04296875
0 0.9462890625 0.47998046875 0.04296875 0.04296875
0 0.76318359375 0.537109375 0.04296875 0.04296875
0 0.95654296875 0.939697265625 0.04296875 0.04296875
0 0.915771484375 0.666259765625 0.04296875 0.04296875
0 0.078857421875 0.81884765625 0.04296875 0.04296875
0 0.135498046875 0.149658203125 0.04296875 0.04296875
0 0.63720703125 0.2109375 0.04296875 0.04296875
0 0.439453125 0.55322265625 0.04296875 0.04296875
0 0.458984375 0.186279296875 0.04296875 0.04296875
0 0.848388671875 0.482666015625 0.04296875 0.04296875
0 0.130126953125 0.552978515625 0.04296875 0.04296875
0 0.521728515625 0.305419921875 0.04296875 0.04296875
0 0.499267578125 0.954345703125 0.04296875 0.04296875
0 0.1533203125 0.620361328125 0.04296875 0.04296875
0 0.2646484375 0.802734375 0.04296875 0.04296875
0 0.888427734375 0.285400390625 0.04296875 0.04296875