0 0.67822265625 0.93603515625 0.04296875 0.04296875
0 0.846435546875 0.315673828125 0.04296875 0.04296875
0 0.55908203125 0.041259765625 0.04296875 0.04296875
0 0.916748046875 0.527587890625 0.04296875 0.04296875
0 0.89111328125 0.438232421875 0.04296875 0.04296875
0 0.817626953125 0.568115234375 0.04296875 0.04296875
0 0.339599609375 0.053955078125 0.04296875 0.04296875
0 0.635986328125 0.2275390625 0.04296875 0.04296875
0 0.908203125 0.29150390625 0.04296875 0.04296875
0 0.948974609375 0.447998046875 0.04296875 0.04296875
0 0.412841796875 0.203369140625 0.04296875 0.04296875
0 0.611572265625 0.729248046875 0.04296875 0.04296875
0 0.52978515625 0.73779296875 0.04296875 0.04296875
0 0.520263671875 0.8505859375 0.04296875 0.04296875
0 0.7890625 0.470703125 0.04296875 0.04296875
0 0.714599609375 0.85302734375 0.04296875 0.04296875
0 0.09814453125 0.13720703125 0.04296875 0.04296875
0 0.6142578125 0.66162109375 0.04296875 0.04296875
0 0.60205078125 0.11279296875 0.04296875 0.04296875
0 0.813232421875 0.069091796875 0.04296875 0.04296875
0 0.430419921875 0.68212890625 0.04296875 0.04296875
0 0.31494140625 0.346435546875 0.04296875 0.04296875
0 0.79150390625 0.1591796875 0.04296875 0.04296875
0 0.7021484375 0.372314453125 0.04296875 0.04296875
0 0.543212890625 0.271728515625 0.04296875 0.04296875
0 0.55908203125 0.63818359375 0.04296875 0.04296875
0 0.226806640625 0.5576171875 0.04296875 0.04296875
0 0.224609375 0.8212890625 0.04296875 0.04296875
0 0.216796875 0.05126953125 0.04296875 0.04296875
0 0.124267578125 0.436767578125 0.04296875 0.04296875
0 0.72314453125 0.18505859375 0.04296875 0.04296875
0 0.919921875 0.80224609375 0.04296875 0.04296875
0 0.298583984375 0.8642578125 0.04296875 0.04296875
0 0.61572265625 0.378173828125 0.04296875 0.04296875
0 0.828125 0.653076171875 0.04296875 0.04296875
0 0.633056640625 0.5703125 0.04296875 0.04296875
0 0.176025390625 0.15234375 0.04296875 0.04296875
0 0.3544921875 0.21533203125 0.04296875 0.04296875
0 0.211181640625 0.8857421875 0.04296875 0.04296875
0 0.76123046875 0.62158203125 0.04296875 0.04296875
0 0.30029296875 0.77685546875 0.04296875 0.04296875
0 0.6240234375 0.07275390625 0.04296875 0.04296875
0 0.50537109375 0.594482421875 0.04296875 0.04296875
0 0.426025390625 0.143798828125 0.04296875 0.04296875
0 0.44580078125 0.059326171875 0.04296875 0.04296875
0 0.41064453125 0.329833984375 0.04296875 0.04296875
0 0.6455078125 0.461669921875 0.04296875 0.04296875
0 0.59033203125 0.446533203125 0.04296875 0.04296875
0 0.2119140625 0.391357421875 0.04296875 0.04296875
0 0.047607421875 0.946044921875 0.04296875 0.04296875
0 0.24365234375 0.67919921875 0.04296875 0.04296875
0 0.86669921875 0.2353515625 0.04296875 0.04296875
0 0.522705078125 0.21484375 0.04296875 0.04296875
0 0.712646484375 0.759765625 0.04296875 0.04296875
0 0.170654296875 0.837890625 0.04296875 0.04296875
0 0.28271484375 0.202392578125 0.04296875 0.04296875
0 0.9501953125 0.578857421875 0.04296875 0.04296875
0 0.484130859375 0.899169921875 0.04296875 0.04296875
0 0.774658203125 0.298095703125 0.04296875 0.04296875
0 0.28759765625 0.049072265625 0.04296875 0.04296875
0 0.713623046875 0.592041015625 0.04296875 0.04296875
0 0.88525390625 0.609619140625 0.04296875 0.04296875
0 0.716064453125 0.43798828125 0.04296875 0.04296875
0 0.209228515625 0.516845703125 0.04296875 0.04296875
0 0.140380859375 0.362060546875 0.04296875 0.04296875
0 0.83837890625 0.820068359375 0.04296875 0.04296875
0 0.268310546875 0.75244140625 0.04296875 0.04296875
0 0.405517578125 0.41015625 0.04296875 0.04296875
0 0.329833984375 0.6318359375 0.04296875 0.04296875
0 0.322021484375 0.504150390625 0.04296875 0.04296875
0 0.50634765625 0.089599609375 0.04296875 0.04296875
0 0.260498046875 0.35009765625 0.04296875 0.04296875
0 0.49609375 0.653564453125 0.04296875 0.04296875
0 0.526611328125 0.406982421875 0.04296875 0.04296875
0 0.951904296875 0.3251953125 0.04296875 0.04296875
0 0.537841796875 0.3427734375 0.04296875 0.04296875
0 0.1181640625 0.303955078125 0.04296875 0.04296875
0 0.1357421875 0.512939453125 0.04296875 0.04296875
0 0.242919921875 0.232177734375 0.04296875 0.04296875
0 0.548583984375 0.9287109375 0.04296875 0.04296875
0 0.560302734375 0.869873046875 0.04296875 0.04296875
0 0.354736328125 0.872802734375 0.04296875 0.04296875
0 0.37744140625 0.701171875 0.04296875 0.04296875
0 0.9560546875 0.090576171875 0.04296875 0.04296875
0 0.315185546875 0.396484375 0.04296875 0.04296875
0 0.794677734375 0.83056640625 0.04296875 0.04296875
0 0.109619140625 0.5712890625 0.04296875 0.04296875
0 0.28515625 0.24365234375 0.04296875 0.04296875
0 0.1474609375 0.629638671875 0.04296875 0.04296875
0 0.8994140625 0.177490234375 0.04296875 0.04296875
0 0.796630859375 0.900390625 0.04296875 0.04296875
0 0.671142578125 0.7939453125 0.04296875 0.04296875
0 0.070556640625 0.363525390625 0.04296875 0.04296875
0 0.110595703125 0.752685546875 0.04296875 0.04296875
0 0.46826171875 0.463134765625 0.04296875 0.04296875
0 0.683837890625 0.624267578125 0.04296875 0.04296875
0 0.473388671875 0.743896484375 0.04296875 0.04296875
0 0.2236328125 0.957275390625 0.04296875 0.04296875
0 0.236328125 0.619384765625 0.04296875 0.04296875
0 0.52001953125 0.152099609375 0.04296875 0.04296875
0 0.756591796875 0.088623046875 0.04296875 0.04296875
0 0.4755859375 0.28955078125 0.04296875 0.04296875
0 0.42529296875 0.462890625 0.04296875 0.04296875
0 0.175048828125 0.32080078125 0.04296875 0.04296875