0 0.48681640625 0.662353515625 0.04296875 0.04296875
0 0.598388671875 0.949462890625 0.04296875 0.04296875
0 0.0927734375 0.610595703125 0.04296875 0.04296875
0 0.37841796875 0.622802734375 0.04296875 0.04296875
0 0.9072265625 0.917724609375 0.04296875 0.04296875
0 0.546142578125 0.31005859375 0.04296875 0.04296875
0 0.57861328125 0.195556640625 0.04296875 0.04296875
0 0.3427734375 0.33056640625 0.04296875 0.04296875
0 0.51611328125 0.81689453125 0.04296875 0.04296875
0 0.8876953125 0.756103515625 0.04296875 0.04296875
0 0.058349609375 0.382568359375 0.04296875 0.04296875
0 0.682373046875 0.307861328125 0.04296875 0.04296875
0 0.6845703125 0.553955078125 0.04296875 0.04296875
0 0.222900390625 0.69775390625 0.04296875 0.04296875
0 0.5947265625 0.852294921875 0.04296875 0.04296875
0 0.072021484375 0.239501953125 0.04296875 0.04296875
0 0.263916015625 0.14306640625 0.04296875 0.04296875
0 0.737548828125 0.7587890625 0.04296875 0.04296875
0 0.35546875 0.933837890625 0.04296875 0.04296875
0 0.38818359375 0.388916015625 0.04296875 0.04296875
0 0.30419921875 0.40380859375 0.04296875 0.04296875
0 0.82177734375 0.72705078125 0.04296875 0.04296875
0 0.537109375 0.47412109375 0.04296875 0.04296875
0 0.592529296875 0.54541015625 0.04296875 0.04296875
0 0.850830078125 0.4716796875 0.04296875 0.04296875
0 0.22607421875 0.084716796875 0.04296875 0.04296875
0 0.212158203125 0.266845703125 0.04296875 0.04296875
0 0.504150390625 0.116455078125 0.04296875 0.04296875
0 0.1376953125 0.224853515625 0.04296875 0.04296875
0 0.454833984375 0.73828125 0.04296875 0.04296875
0 0.046875 0.524169921875 0.04296875 0.04296875
0 0.907958984375 0.081298828125 0.04296875 0.04296875
0 0.106689453125 0.843505859375 0.04296875 0.04296875
0 0.07568359375 0.4638671875 0.04296875 0.04296875
0 0.957763671875 0.65673828125 0.04296875 0.04296875
0 0.934326171875 0.41845703125 0.04296875 0.04296875
0 0.45751953125 0.542236328125 0.04296875 0.04296875
0 0.953857421875 0.854248046875 0.04296875 0.04296875
0 0.6416015625 0.476806640625 0.04296875 0.04296875
0 0.78857421875 0.451416015625 0.04296875 0.04296875
0 0.864013671875 0.86474609375 0.04296875 0.04296875
0 0.431884765625 0.933349609375 0.04296875 0.04296875
0 0.089111328125 0.718994140625 0.04296875 0.04296875
0 0.33349609375 0.1083984375 0.04296875 0.04296875
0 0.3291015625 0.19970703125 0.04296875 0.04296875
0 0.90478515625 0.273681640625 0.04296875 0.04296875
0 0.175537109375 0.293212890625 0.04296875 0.04296875
0 0.282958984375 0.751708984375 0.04296875 0.04296875
0 0.907958984375 0.38427734375 0.04296875 0.04296875
0 0.714111328125 0.452392578125 0.04296875 0.04296875
0 0.617919921875 0.60888671875 0.04296875 0.04296875
0 0.579345703125 0.138671875 0.04296875 0.04296875
0 0.75732421875 0.50244140625 0.04296875 0.04296875
0 0.1494140625 0.083251953125 0.04296875 0.04296875
0 0.410400390625 0.069091796875 0.04296875 0.04296875
0 0.25244140625 0.423828125 0.04296875 0.04296875
0 0.336669921875 0.8583984375 0.04296875 0.04296875
0 0.8251953125 0.66064453125 0.04296875 0.04296875
0 0.4765625 0.16845703125 0.04296875 0.04296875
0 0.508056640625 0.584228515625 0.04296875 0.04296875
0 0.423583984375 0.25537109375 0.04296875 0.04296875
0 0.669921875 0.348876953125 0.04296875 0.04296875
0 0.04052734375 0.1669921875 0.04296875 0.04296875
0 0.822509765625 0.7822265625 0.04296875 0.04296875
0 0.611083984375 0.42333984375 0.04296875 0.04296875
0 0.35546875 0.710205078125 0.04296875 0.04296875
0 0.089599609375 0.553466796875 0.04296875 0.04296875
0 0.53955078125 0.698486328125 0.04296875 0.04296875
0 0.645751953125 0.884765625 0.04296875 0.04296875
0 0.16357421875 0.674072265625 0.04296875 0.04296875
0 0.396728515625 0.49609375 0.04296875 0.04296875
0 0.087646484375 0.12890625 0.04296875 0.04296875
0 0.6943359375 0.6806640625 0.04296875 0.04296875
0 0.507568359375 0.400634765625 0.04296875 0.04296875
0 0.189208984375 0.179443359375 0.04296875 0.04296875
0 0.518798828125 0.066162109375 0.04296875 0.04296875
0 0.658935546875 0.11669921875 0.04296875 0.04296875
0 0.206787109375 0.37744140625 0.04296875 0.04296875
0 0.613525390625 0.690185546875 0.04296875 0.04296875
0 0.21435546875 0.861328125 0.04296875 0.04296875
0 0.04150390625 0.94775390625 0.04296875 0.04296875
0 0.668701171875 0.072509765625 0.04296875 0.04296875
0 0.09619140625 0.322509765625 0.04296875 0.04296875
0 0.58447265625 0.50048828125 0.04296875 0.04296875
0 0.26220703125 0.82470703125 0.04296875 0.04296875
0 0.717529296875 0.182373046875 0.04296875 0.04296875
0 0.134765625 0.4658203125 0.04296875 0.04296875
0 0.7666015625 0.638671875 0.04296875 0.04296875
0 0.645263671875 0.2314453125 0.04296875 0.04296875
0 0.565673828125 0.242431640625 0.04296875 0.04296875
0 0.597412109375 0.388916015625 0.04296875 0.04296875
0 0.330322265625 0.607421875 0.04296875 0.04296875
0 0.186279296875 0.055908203125 0.04296875 0.04296875
0 0.885009765625 0.813232421875 0.04296875 0.04296875
0 0.237060546875 0.76171875 0.04296875 0.04296875
0 0.768798828125 0.06787109375 0.04296875 0.04296875
0 0.071533203125 0.890380859375 0.04296875 0.04296875
0 0.17626953125 0.714111328125 0.04296875 0.04296875
0 0.75048828125 0.407470703125 0.04296875 0.04296875