0 0.510986328125 0.478271484375 0.04296875 0.04296875
0 0.70361328125 0.146240234375 0.04296875 0.04296875
0 0.668212890625 0.08837890625 0.04296875 0.04296875
0 0.505126953125 0.290283203125 0.04296875 0.04296875
0 0.105712890625 0.48095703125 0.04296875 0.04296875
0 0.583740234375 0.716064453125 0.04296875 0.04296875
0 0.65234375 0.54150390625 0.04296875 0.04296875
0 0.94091796875 0.302734375 0.04296875 0.04296875
0 0.4794921875 0.156982421875 0.04296875 0.04296875
0 0.82666015625 0.837890625 0.04296875 0.04296875
0 0.913818359375 0.580322265625 0.04296875 0.04296875
0 0.583251953125 0.581298828125 0.04296875 0.04296875
0 0.595458984375 0.888916015625 0.04296875 0.04296875
0 0.100341796875 0.856201171875 0.04296875 0.04296875
0 0.803466796875 0.28857421875 0.04296875 0.04296875
0 0.4521484375 0.44140625 0.04296875 0.04296875
0 0.47265625 0.86279296875 0.04296875 0.04296875
0 0.7646484375 0.940185546875 0.04296875 0.04296875
0 0.567138671875 0.347412109375 0.04296875 0.04296875
0 0.406005859375 0.24658203125 0.04296875 0.04296875
0 0.9580078125 0.075439453125 0.04296875 0.04296875
0 0.05615234375 0.616943359375 0.04296875 0.04296875
0 0.41064453125 0.20361328125 0.04296875 0.04296875
0 0.419189453125 0.553955078125 0.04296875 0.04296875
0 0.75146484375 0.83203125 0.04296875 0.04296875
0 0.305908203125 0.6103515625 0.04296875 0.04296875
0 0.23681640625 0.224853515625 0.04296875 0.04296875
0 0.164306640625 0.217041015625 0.04296875 0.04296875
0 0.886962890625 0.177978515625 0.04296875 0.04296875
0 0.617431640625 0.397216796875 0.04296875 0.04296875
0 0.052001953125 0.491455078125 0.04296875 0.04296875
0 0.578369140625 0.212158203125 0.04296875 0.04296875
0 0.1669921875 0.810302734375 0.04296875 0.04296875
0 0.4716796875 0.7177734375 0.04296875 0.04296875
0 0.92236328125 0.4599609375 0.04296875 0.04296875
0 0.807373046875 0.70166015625 0.04296875 0.04296875
0 0.066650390625 0.37060546875 0.04296875 0.04296875
0 0.434814453125 0.881591796875 0.04296875 0.04296875
0 0.837646484375 0.4814453125 0.04296875 0.04296875
0 0.606201171875 0.140380859375 0.04296875 0.04296875
0 0.82958984375 0.94287109375 0.04296875 0.04296875
0 0.775146484375 0.4599609375 0.04296875 0.04296875
0 0.135986328125 0.083984375 0.04296875 0.04296875
0 0.084716796875 0.7509765625 0.04296875 0.04296875
0 0.361328125 0.0439453125 0.04296875 0.04296875
0 0.8759765625 0.1220703125 0.04296875 0.04296875
0 0.701904296875 0.728759765625 0.04296875 0.04296875
0 0.71337890625 0.498291015625 0.04296875 0.04296875
0 0.7919921875 0.50048828125 0.04296875 0.04296875
0 0.86181640625 0.641845703125 0.04296875 0.04296875
0 0.408447265625 0.2978515625 0.04296875 0.04296875
0 0.334228515625 0.524169921875 0.04296875 0.04296875
0 0.8974609375 0.94384765625 0.04296875 0.04296875
0 0.6806640625 0.404296875 0.04296875 0.04296875
0 0.71923828125 0.337646484375 0.04296875 0.04296875
0 0.376953125 0.399658203125 0.04296875 0.04296875
0 0.533203125 0.89697265625 0.04296875 0.04296875
0 0.461669921875 0.957275390625 0.04296875 0.04296875
0 0.58837890625 0.4306640625 0.04296875 0.04296875
0 0.572265625 0.260498046875 0.04296875 0.04296875
0 0.365234375 0.8408203125 0.04296875 0.04296875
0 0.911865234375 0.235595703125 0.04296875 0.04296875
0 0.468505859375 0.2470703125 0.04296875 0.04296875
0 0.240478515625 0.660888671875 0.04296875 0.04296875
0 0.427978515625 0.3681640625 0.04296875 0.04296875
0 0.827880859375 0.081787109375 0.04296875 0.04296875
0 0.119384765625 0.37646484375 0.04296875 0.04296875
0 0.3076171875 0.901123046875 0.04296875 0.04296875
0 0.73876953125 0.236328125 0.04296875 0.04296875
0 0.780517578125 0.223876953125 0.04296875 0.04296875
0 0.129638671875 0.74072265625 0.04296875 0.04296875
0 0.197998046875 0.856689453125 0.04296875 0.04296875
0 0.593505859375 0.79833984375 0.04296875 0.04296875
0 0.734619140625 0.78515625 0.04296875 0.04296875
0 0.842529296875 0.2783203125 0.04296875 0.04296875
0 0.79296875 0.54345703125 0.04296875 0.04296875
0 0.154052734375 0.551025390625 0.04296875 0.04296875
0 0.532470703125 0.139404296875 0.04296875 0.04296875
0 0.21240234375 0.3876953125 0.04296875 0.04296875
0 0.12646484375 0.29931640625 0.04296875 0.04296875
0 0.1044921875 0.22119140625 0.04296875 0.04296875
0 0.7431640625 0.5888671875 0.04296875 0.04296875
0 0.389892578125 0.599365234375 0.04296875 0.04296875
0 0.313232421875 0.47412109375 0.04296875 0.04296875
0 0.860595703125 0.356689453125 0.04296875 0.04296875
0 0.17431640625 0.6611328125 0.04296875 0.04296875
0 0.67138671875 0.687744140625 0.04296875 0.04296875
0 0.252197265625 0.575927734375 0.04296875 0.04296875
0 0.53759765625 0.781005859375 0.04296875 0.04296875