0 0.7001953125 0.8359375 0.04296875 0.04296875
0 0.827880859375 0.34423828125 0.04296875 0.04296875
0 0.760986328125 0.17138671875 0.04296875 0.04296875
0 0.360107421875 0.16015625 0.04296875 0.04296875
0 0.7109375 0.0439453125 0.04296875 0.04296875
0 0.91650390625 0.166259765625 0.04296875 0.04296875
0 0.639404296875 0.18994140625 0.04296875 0.04296875
0 0.5732421875 0.337890625 0.04296875 0.04296875
0 0.1982421875 0.472900390625 0.04296875 0.04296875
0 0.644775390625 0.602294921875 0.04296875 0.04296875
0 0.294921875 0.241455078125 0.04296875 0.04296875
0 0.416259765625 0.1435546875 0.04296875 0.04296875
0 0.728515625 0.75732421875 0.04296875 0.04296875
0 0.702880859375 0.217529296875 0.04296875 0.04296875
0 0.659423828125 0.916748046875 0.04296875 0.04296875
0 0.083251953125 0.29833984375 0.04296875 0.04296875
0 0.742431640625 0.89208984375 0.04296875 0.04296875
0 0.40478515625 0.28759765625 0.04296875 0.04296875
0 0.453857421875 0.2177734375 0.04296875 0.04296875
0 0.1103515625 0.852783203125 0.04296875 0.04296875
0 0.07275390625 0.552490234375 0.04296875 0.04296875
0 0.537109375 0.26513671875 0.04296875 0.04296875
0 0.194091796875 0.28173828125 0.04296875 0.04296875
0 0.09130859375 0.11962890625 0.04296875 0.04296875
0 0.038330078125 0.724609375 0.04296875 0.04296875
0 0.25146484375 0.04931640625 0.04296875 0.04296875
0 0.8623046875 0.860595703125 0.04296875 0.04296875
0 0.623046875 0.281982421875 0.04296875 0.04296875
0 0.1083984375 0.224853515625 0.04296875 0.04296875
0 0.73779296875 0.11181640625 0.04296875 0.04296875
0 0.274169921875 0.51171875 0.04296875 0.04296875
0 0.61083984375 0.392578125 0.04296875 0.04296875
0 0.72314453125 0.4892578125 0.04296875 0.04296875
0 0.91748046875 0.2421875 0.04296875 0.04296875
0 0.91455078125 0.076171875 0.04296875 0.04296875
0 0.404541015625 0.408203125 0.04296875 0.04296875
0 0.845703125 0.47021484375 0.04296875 0.04296875
0 0.11328125 0.615234375 0.04296875 0.04296875
0 0.697265625 0.3134765625 0.04296875 0.04296875
0 0.7392578125 0.6513671875 0.04296875 0.04296875
0 0.187255859375 0.52734375 0.04296875 0.04296875
0 0.352294921875 0.751953125 0.04296875 0.04296875
0 0.371337890625 0.68896484375 0.04296875 0.04296875
0 0.628662109375 0.32666015625 0.04296875 0.04296875
0 0.85302734375 0.072509765625 0.04296875 0.04296875
0 0.08544921875 0.687255859375 0.04296875 0.04296875
0 0.572509765625 0.74462890625 0.04296875 0.04296875
0 0.275390625 0.93359375 0.04296875 0.04296875
0 0.92431640625 0.474365234375 0.04296875 0.04296875
0 0.0458984375 0.173828125 0.04296875 0.04296875
0 0.205078125 0.606201171875 0.04296875 0.04296875
0 0.875 0.2802734375 0.04296875 0.04296875
0 0.4501953125 0.76708984375 0.04296875 0.04296875
0 0.558349609375 0.626220703125 0.04296875 0.04296875
0 0.217041015625 0.222412109375 0.04296875 0.04296875
0 0.850830078125 0.126708984375 0.04296875 0.04296875
0 0.16748046875 0.759033203125 0.04296875 0.04296875
0 0.36083984375 0.09814453125 0.04296875 0.04296875
0 0.044921875 0.922119140625 0.04296875 0.04296875
0 0.766357421875 0.72607421875 0.04296875 0.04296875
0 0.283935546875 0.29248046875 0.04296875 0.04296875
0 0.7470703125 0.292236328125 0.04296875 0.04296875
0 0.433837890625 0.67236328125 0.04296875 0.04296875
0 0.424560546875 0.62158203125 0.04296875 0.04296875
0 0.5498046875 0.8583984375 0.04296875 0.04296875
0 0.125732421875 0.919677734375 0.04296875 0.04296875
0 0.8642578125 0.40185546875 0.04296875 0.04296875
0 0.42041015625 0.06591796875 0.04296875 0.04296875
0 0.154541015625 0.142578125 0.04296875 0.04296875
0 0.615966796875 0.514892578125 0.04296875 0.04296875
0 0.548095703125 0.804443359375 0.04296875 0.04296875
0 0.514892578125 0.37451171875 0.04296875 0.04296875
0 0.358154296875 0.504638671875 0.04296875 0.04296875
0 0.24658203125 0.635986328125 0.04296875 0.04296875
0 0.789794921875 0.949462890625 0.04296875 0.04296875
0 0.561279296875 0.405517578125 0.04296875 0.04296875
0 0.4541015625 0.816162109375 0.04296875 0.04296875
0 0.919189453125 0.6240234375 0.04296875 0.04296875
0 0.33935546875 0.4267578125 0.04296875 0.04296875
0 0.191162109375 0.84326171875 0.04296875 0.04296875
0 0.496337890625 0.6591796875 0.04296875 0.04296875
0 0.41259765625 0.3525390625 0.04296875 0.04296875
0 0.490966796875 0.82861328125 0.04296875 0.04296875
0 0.808349609375 0.099853515625 0.04296875 0.04296875
0 0.116455078125 0.046630859375 0.04296875 0.04296875
0 0.33544921875 0.1953125 0.04296875 0.04296875
0 0.145751953125 0.28173828125 0.04296875 0.04296875
0 0.930908203125 0.90625 0.04296875 0.04296875
0 0.15478515625 0.077880859375 0.04296875 0.04296875
0 0.406005859375 0.89990234375 0.04296875 0.04296875
0 0.259521484375 0.698486328125 0.04296875 0.04296875
0 0.689697265625 0.525634765625 0.04296875 0.04296875
0 0.4404296875 0.47802734375 0.04296875 0.04296875
0 0.6044921875 0.794677734375 0.04296875 0.04296875
0 0.939697265625 0.55078125 0.04296875 0.04296875
0 0.197021484375 0.92822265625 0.04296875 0.04296875
0 0.82470703125 0.404052734375 0.04296875 0.04296875
0 0.73779296875 0.384765625 0.04296875 0.04296875
0 0.1083984375 0.7978515625 0.04296875 0.04296875
0 0.852294921875 0.720703125 0.04296875 0.04296875
0 0.587158203125 0.09423828125 0.04296875 0.04296875
0 0.39697265625 0.471923828125 0.04296875 0.04296875
0 0.85791015625 0.631103515625 0.04296875 0.04296875
0 0.627685546875 0.114990234375 0.04296875 0.04296875
0 0.940673828125 0.765869140625 0.04296875 0.04296875
0 0.77685546875 0.56689453125 0.04296875 0.04296875
0 0.65087890625 0.84423828125 0.04296875 0.04296875
0 0.392333984375 0.96142578125 0.04296875 0.04296875
0 0.43701171875 0.53955078125 0.04296875 0.04296875
0 0.884033203125 0.779052734375 0.04296875 0.04296875