0 0.03857421875 0.0458984375 0.04296875 0.04296875
0 0.47265625 0.59326171875 0.04296875 0.04296875
0 0.441162109375 0.350830078125 0.04296875 0.04296875
0 0.085205078125 0.59521484375 0.04296875 0.04296875
0 0.196044921875 0.922607421875 0.04296875 0.04296875
0 0.299072265625 0.88037109375 0.04296875 0.04296875
0 0.86474609375 0.302734375 0.04296875 0.04296875
0 0.555419921875 0.0615234375 0.04296875 0.04296875
0 0.6162109375 0.7275390625 0.04296875 0.04296875
0 0.2509765625 0.90625 0.04296875 0.04296875
0 0.47900390625 0.522216796875 0.04296875 0.04296875
0 0.0693359375 0.536865234375 0.04296875 0.04296875
0 0.178466796875 0.39990234375 0.04296875 0.04296875
0 0.288818359375 0.0859375 0.04296875 0.04296875
0 0.43212890625 0.24755859375 0.04296875 0.04296875
0 0.28662109375 0.4033203125 0.04296875 0.04296875
0 0.385986328125 0.56787109375 0.04296875 0.04296875
0 0.57958984375 0.260009765625 0.04296875 0.04296875
0 0.355712890625 0.680908203125 0.04296875 0.04296875
0 0.7197265625 0.7451171875 0.04296875 0.04296875
0 0.653564453125 0.373779296875 0.04296875 0.04296875
0 0.697509765625 0.446044921875 0.04296875 0.04296875
0 0.174072265625 0.8134765625 0.04296875 0.04296875
0 0.040771484375 0.445068359375 0.04296875 0.04296875
0 0.59716796875 0.390380859375 0.04296875 0.04296875
0 0.100341796875 0.733642578125 0.04296875 0.04296875
0 0.337158203125 0.467041015625 0.04296875 0.04296875
0 0.617919921875 0.320068359375 0.04296875 0.04296875
0 0.314453125 0.250244140625 0.04296875 0.04296875
0 0.917236328125 0.4248046875 0.04296875 0.04296875
0 0.250244140625 0.720458984375 0.04296875 0.04296875
0 0.365478515625 0.25 0.04296875 0.04296875
0 0.7802734375 0.740234375 0.04296875 0.04296875
0 0.558837890625 0.744140625 0.04296875 0.04296875
0 0.115966796875 0.296142578125 0.04296875 0.04296875
0 0.50927734375 0.228515625 0.04296875 0.04296875
0 0.3623046875 0.860107421875 0.04296875 0.04296875
0 0.400390625 0.394287109375 0.04296875 0.04296875
0 0.5185546875 0.8662109375 0.04296875 0.04296875
0 0.214599609375 0.218994140625 0.04296875 0.04296875
0 0.75634765625 0.292724609375 0.04296875 0.04296875
0 0.87353515625 0.197021484375 0.04296875 0.04296875
0 0.13818359375 0.902099609375 0.04296875 0.04296875
0 0.3251953125 0.55810546875 0.04296875 0.04296875
0 0.303466796875 0.793212890625 0.04296875 0.04296875
0 0.81591796875 0.5537109375 0.04296875 0.04296875
0 0.479736328125 0.06494140625 0.04296875 0.04296875
0 0.89208984375 0.3671875 0.04296875 0.04296875
0 0.714111328125 0.5009765625 0.04296875 0.04296875
0 0.15869140625 0.23974609375 0.04296875 0.04296875
0 0.80126953125 0.1044921875 0.04296875 0.04296875
0 0.439208984375 0.667724609375 0.04296875 0.04296875
0 0.762451171875 0.125244140625 0.04296875 0.04296875
0 0.12353515625 0.528076171875 0.04296875 0.04296875
0 0.492919921875 0.175048828125 0.04296875 0.04296875
0 0.529296875 0.458984375 0.04296875 0.04296875
0 0.8408203125 0.484130859375 0.04296875 0.04296875
0 0.501220703125 0.7734375 0.04296875 0.04296875
0 0.956298828125 0.207763671875 0.04296875 0.04296875
0 0.557861328125 0.176513671875 0.04296875 0.04296875
0 0.197509765625 0.584716796875 0.04296875 0.04296875
0 0.6865234375 0.08984375 0.04296875 0.04296875
0 0.510009765625 0.734130859375 0.04296875 0.04296875
0 0.204345703125 0.4853515625 0.04296875 0.04296875
0 0.63623046875 0.416015625 0.04296875 0.04296875
0 0.84228515625 0.42333984375 0.04296875 0.04296875
0 0.877685546875 0.870361328125 0.04296875 0.04296875
0 0.46875 0.88330078125 0.04296875 0.04296875
0 0.584228515625 0.956298828125 0.04296875 0.04296875
0 0.082275390625 0.34619140625 0.04296875 0.04296875
0 0.6630859375 0.888916015625 0.04296875 0.04296875
0 0.80029296875 0.6513671875 0.04296875 0.04296875
0 0.712158203125 0.17578125 0.04296875 0.04296875
0 0.193603515625 0.3046875 0.04296875 0.04296875
0 0.547607421875 0.130126953125 0.04296875 0.04296875
0 0.243896484375 0.622314453125 0.04296875 0.04296875
0 0.81396484375 0.382568359375 0.04296875 0.04296875
0 0.599365234375 0.07421875 0.04296875 0.04296875
0 0.736328125 0.809326171875 0.04296875 0.04296875
0 0.572265625 0.85546875 0.04296875 0.04296875
0 0.35546875 0.81689453125 0.04296875 0.04296875
0 0.147705078125 0.159912109375 0.04296875 0.04296875
0 0.935302734375 0.5888671875 0.04296875 0.04296875
0 0.049072265625 0.220703125 0.04296875 0.04296875
0 0.799560546875 0.4921875 0.04296875 0.04296875
0 0.228271484375 0.8583984375 0.04296875 0.04296875
0 0.93994140625 0.167236328125 0.04296875 0.04296875
0 0.0693359375 0.291748046875 0.04296875 0.04296875
0 0.699951171875 0.572998046875 0.04296875 0.04296875
0 0.303955078125 0.720947265625 0.04296875 0.04296875
0 0.59375 0.627197265625 0.04296875 0.04296875
0 0.609130859375 0.54931640625 0.04296875 0.04296875
0 0.888427734375 0.915771484375 0.04296875 0.04296875
0 0.440185546875 0.729248046875 0.04296875 0.04296875
0 0.3427734375 0.737548828125 0.04296875 0.04296875