0 0.45751953125 0.20263671875 0.04296875 0.04296875
0 0.101806640625 0.4755859375 0.04296875 0.04296875
0 0.921630859375 0.91796875 0.04296875 0.04296875
0 0.37158203125 0.561767578125 0.04296875 0.04296875
0 0.14111328125 0.600830078125 0.04296875 0.04296875
0 0.19677734375 0.94091796875 0.04296875 0.04296875
0 0.072265625 0.603515625 0.04296875 0.04296875
0 0.046630859375 0.910400390625 0.04296875 0.04296875
0 0.527099609375 0.445068359375 0.04296875 0.04296875
0 0.950927734375 0.351806640625 0.04296875 0.04296875
0 0.857421875 0.44384765625 0.04296875 0.04296875
0 0.12451171875 0.90185546875 0.04296875 0.04296875
0 0.083984375 0.337890625 0.04296875 0.04296875
0 0.62744140625 0.268798828125 0.04296875 0.04296875
0 0.745361328125 0.357421875 0.04296875 0.04296875
0 0.312744140625 0.59423828125 0.04296875 0.04296875
0 0.291015625 0.697021484375 0.04296875 0.04296875
0 0.884521484375 0.72216796875 0.04296875 0.04296875
0 0.69287109375 0.802490234375 0.04296875 0.04296875
0 0.698974609375 0.226318359375 0.04296875 0.04296875
0 0.543212890625 0.330810546875 0.04296875 0.04296875
0 0.612548828125 0.1328125 0.04296875 0.04296875
0 0.13330078125 0.744873046875 0.04296875 0.04296875
0 0.2001953125 0.7392578125 0.04296875 0.04296875
0 0.60693359375 0.462158203125 0.04296875 0.04296875
0 0.62060546875 0.51318359375 0.04296875 0.04296875
0 0.36865234375 0.800537109375 0.04296875 0.04296875
0 0.510009765625 0.099609375 0.04296875 0.04296875
0 0.235107421875 0.497314453125 0.04296875 0.04296875
0 0.82080078125 0.891845703125 0.04296875 0.04296875
0 0.3955078125 0.4384765625 0.04296875 0.04296875
0 0.404541015625 0.615234375 0.04296875 0.04296875
0 0.63134765625 0.92724609375 0.04296875 0.04296875
0 0.321533203125 0.34912109375 0.04296875 0.04296875
0 0.880126953125 0.573486328125 0.04296875 0.04296875
0 0.47119140625 0.841552734375 0.04296875 0.04296875
0 0.543701171875 0.76708984375 0.04296875 0.04296875
0 0.900390625 0.503662109375 0.04296875 0.04296875
0 0.19775390625 0.2998046875 0.04296875 0.04296875
0 0.554931640625 0.267333984375 0.04296875 0.04296875
0 0.41796875 0.16259765625 0.04296875 0.04296875
0 0.705078125 0.108642578125 0.04296875 0.04296875
0 0.548095703125 0.859130859375 0.04296875 0.04296875
0 0.19482421875 0.198486328125 0.04296875 0.04296875
0 0.34375 0.63623046875 0.04296875 0.04296875
0 0.958740234375 0.253173828125 0.04296875 0.04296875
0 0.748779296875 0.41796875 0.04296875 0.04296875
0 0.4599609375 0.748291015625 0.04296875 0.04296875
0 0.398193359375 0.92333984375 0.04296875 0.04296875
0 0.74951171875 0.546630859375 0.04296875 0.04296875
0 0.5068359375 0.626220703125 0.04296875 0.04296875
0 0.6142578125 0.3623046875 0.04296875 0.04296875
0 0.28515625 0.042236328125 0.04296875 0.04296875
0 0.501220703125 0.2919921875 0.04296875 0.04296875
0 0.247802734375 0.115478515625 0.04296875 0.04296875
0 0.642333984375 0.872802734375 0.04296875 0.04296875
0 0.6552734375 0.212158203125 0.04296875 0.04296875
0 0.541015625 0.189697265625 0.04296875 0.04296875
0 0.236083984375 0.36767578125 0.04296875 0.04296875
0 0.260498046875 0.53466796875 0.04296875 0.04296875
0 0.68896484375 0.372314453125 0.04296875 0.04296875
0 0.26953125 0.299560546875 0.04296875 0.04296875
0 0.271484375 0.864990234375 0.04296875 0.04296875
0 0.47412109375 0.486328125 0.04296875 0.04296875
0 0.412109375 0.710205078125 0.04296875 0.04296875
0 0.94580078125 0.79052734375 0.04296875 0.04296875
0 0.3232421875 0.727294921875 0.04296875 0.04296875
0 0.16455078125 0.517333984375 0.04296875 0.04296875
0 0.60009765625 0.073974609375 0.04296875 0.04296875
0 0.1826171875 0.41455078125 0.04296875 0.04296875
0 0.240234375 0.695068359375 0.04296875 0.04296875
0 0.25634765625 0.814697265625 0.04296875 0.04296875
0 0.108154296875 0.39404296875 0.04296875 0.04296875
0 0.777099609375 0.5849609375 0.04296875 0.04296875
0 0.921630859375 0.42529296875 0.04296875 0.04296875
0 0.4150390625 0.31982421875 0.04296875 0.04296875
0 0.254638671875 0.248046875 0.04296875 0.04296875
0 0.884521484375 0.787841796875 0.04296875 0.04296875
0 0.193359375 0.251220703125 0.04296875 0.04296875
0 0.3662109375 0.409423828125 0.04296875 0.04296875
0 0.825927734375 0.385498046875 0.04296875 0.04296875
0 0.818115234375 0.2412109375 0.04296875 0.04296875
0 0.122802734375 0.53955078125 0.04296875 0.04296875
0 0.8115234375 0.085205078125 0.04296875 0.04296875
0 0.58837890625 0.208251953125 0.04296875 0.04296875
0 0.6552734375 0.68408203125 0.04296875 0.04296875
0 0.5673828125 0.365966796875 0.04296875 0.04296875
0 0.76416015625 0.8076171875 0.04296875 0.04296875
0 0.482421875 0.346435546875 0.04296875 0.04296875
0 0.832275390625 0.732177734375 0.04296875 0.04296875
0 0.9013671875 0.093017578125 0.04296875 0.04296875
0 0.329833984375 0.248779296875 0.04296875 0.04296875
0 0.404052734375 0.265869140625 0.04296875 0.04296875
0 0.273681640625 0.9111328125 0.04296875 0.04296875
0 0.4580078125 0.407470703125 0.04296875 0.04296875
0 0.929931640625 0.643798828125 0.04296875 0.04296875
0 0.376953125 0.16162109375 0.04296875 0.04296875
0 0.404541015625 0.2109375 0.04296875 0.04296875
0 0.177978515625 0.8427734375 0.04296875 0.04296875
0 0.873779296875 0.2275390625 0.04296875 0.04296875
0 0.857421875 0.296630859375 0.04296875 0.04296875